------------------------ RESULTS -------------------------



------------------------- Accel X -------------------------
1 )  w-150_d-4_e-93_lr-5e-07_b-32_ds-250hz-clean_p-True 	 [96.72399873553282, 810.4683707867263, 24.508594483868237, 15.481796407541893, 2354.486053583316]
2 )  w-100_d-1_e-156_lr-5e-07_b-32_ds-250hz-clean_p-True 	 [110.31212725925498, 173.25428299693482, 20.391123327521026, 3.3985257488348277, 466.8194399904894]
3 )  w-150_d-4_e-90_lr-5e-07_b-32_ds-250hz-clean_p-True 	 [112.7864405064791, 903.8523675042551, 32.87562897223577, 20.364669781797044, 2367.2838412016217]
4 )  w-50_d-2_e-291_lr-5e-07_b-32_ds-250hz-clean_p-True 	 [114.78231799668238, 414.0858154018628, 128.55581982333047, 6.730805123598459, 1291.575936958657]
5 )  w-200_d-2_e-66_lr-5e-07_b-32_ds-250hz-clean_p-True 	 [115.40766159447558, 161.29861256434242, 13.315296063368235, 4.732095147705057, 846.1456247865034]
6 )  w-100_d-1_e-153_lr-5e-07_b-32_ds-250hz-clean_p-True 	 [118.14901829715082, 181.77033658687841, 23.28336377856949, 3.7754420675672407, 510.12619971331407]
7 )  w-50_d-2_e-288_lr-5e-07_b-32_ds-250hz-clean_p-True 	 [118.62636273014881, 429.5699547865884, 131.9146135014251, 6.988297143877144, 1320.81976143111]
8 )  w-50_d-2_e-285_lr-5e-07_b-32_ds-250hz-clean_p-True 	 [122.83019254979634, 446.10525406960454, 135.29785057924286, 7.268549385095392, 1350.1681601191672]
9 )  w-50_d-2_e-282_lr-5e-07_b-32_ds-250hz-clean_p-True 	 [127.31444709070223, 463.20421452621434, 138.6289925284962, 7.57243874030484, 1379.400277149313]
10 )  w-100_d-1_e-150_lr-5e-07_b-32_ds-250hz-clean_p-True 	 [127.34371279332207, 191.42040605639085, 26.563712311062147, 4.2533240644169, 555.6488130047525]
11 )  w-200_d-3_e-66_lr-5e-07_b-32_ds-250hz-clean_p-True 	 [128.47252836057564, 170.55942872622617, 18.332973614580276, 5.517523086997065, 2258.5606238993864]
12 )  w-50_d-2_e-279_lr-5e-07_b-32_ds-250hz-clean_p-True 	 [132.28945482698938, 481.2348552389252, 141.9529249351737, 7.908316922875521, 1409.121559193612]
13 )  w-150_d-4_e-87_lr-5e-07_b-32_ds-250hz-clean_p-True 	 [136.25030578044075, 987.4104577466373, 43.200530118152166, 26.463972142945998, 2389.0199153272233]
14 )  w-300_d-1_e-48_lr-5e-07_b-32_ds-250hz-clean_p-True 	 [137.3334918500231, 161.70439790322695, 6.581300441740801, 5.074183992101232, 628.7260579220825]
15 )  w-50_d-2_e-276_lr-5e-07_b-32_ds-250hz-clean_p-True 	 [137.7955012159233, 500.18299654568744, 145.2995903138062, 8.275707785989717, 1438.487232416349]
16 )  w-100_d-1_e-147_lr-5e-07_b-32_ds-250hz-clean_p-True 	 [138.01455906800263, 202.17482843243954, 30.21114773051742, 4.841695494353526, 603.1769096702847]
17 )  w-200_d-2_e-63_lr-5e-07_b-32_ds-250hz-clean_p-True 	 [140.34588114456727, 186.88724997471948, 19.081673682561295, 7.108443623180131, 980.5944098801185]
18 )  w-50_d-2_e-273_lr-5e-07_b-32_ds-250hz-clean_p-True 	 [143.85639141236626, 519.9148139052771, 148.67683319836365, 8.68958183159177, 1468.9166490697098]
19 )  w-200_d-1_e-72_lr-5e-07_b-32_ds-250hz-clean_p-True 	 [146.51668481490483, 157.95987608207778, 29.510912448520422, 2.625643616787806, 236.86337935793807]
20 )  w-100_d-1_e-144_lr-5e-07_b-32_ds-250hz-clean_p-True 	 [150.09808339427067, 214.1036034843797, 34.26834455261111, 5.565233677658933, 652.9890347143686]
21 )  w-50_d-2_e-270_lr-5e-07_b-32_ds-250hz-clean_p-True 	 [150.6533331025537, 540.5594892028158, 152.06188699361218, 9.152560769914755, 1499.104426987715]
22 )  w-300_d-2_e-39_lr-5e-07_b-32_ds-250hz-clean_p-True 	 [151.00777110344882, 196.09576111643548, 16.985761618600637, 3.438459683476286, 1031.6219311579744]
23 )  w-200_d-3_e-63_lr-5e-07_b-32_ds-250hz-clean_p-True 	 [155.20548748951245, 193.93033118473895, 27.256100376511537, 8.116842563208266, 2302.387593962396]
24 )  w-50_d-2_e-267_lr-5e-07_b-32_ds-250hz-clean_p-True 	 [158.2504818506531, 562.0947365785805, 155.4691392926594, 9.666436441054449, 1529.7037432479065]
25 )  w-100_d-1_e-141_lr-5e-07_b-32_ds-250hz-clean_p-True 	 [163.8773120995974, 227.29365342591456, 38.69868262010337, 6.421450238716178, 704.7799716699245]
26 )  w-50_d-2_e-264_lr-5e-07_b-32_ds-250hz-clean_p-True 	 [166.62612289238655, 584.0679055683404, 158.82521707578604, 10.243373374748302, 1560.6595422818352]

------------------------- Accel Y -------------------------
1 )  w-150_d-1_e-99_lr-5e-07_b-32_ds-250hz-clean_p-True 	 [184.95604472213984, 132.69270188426694, 24.200036965057365, 7.00147580540231, 612.3088914543081]
2 )  w-150_d-1_e-96_lr-5e-07_b-32_ds-250hz-clean_p-True 	 [207.59167838352914, 139.55752563202591, 28.693062964621983, 8.624855053713645, 687.2213988908047]
3 )  w-150_d-1_e-93_lr-5e-07_b-32_ds-250hz-clean_p-True 	 [234.85826114612513, 148.0154563167778, 33.866928137898995, 10.68156985680907, 767.2883289215109]
4 )  w-250_d-2_e-51_lr-5e-07_b-32_ds-250hz-clean_p-True 	 [235.2067199183255, 153.9197738175439, 9.202712491806244, 2.4561993555894808, 1080.7733072658798]
5 )  w-200_d-1_e-72_lr-5e-07_b-32_ds-250hz-clean_p-True 	 [146.51668481490483, 157.95987608207778, 29.510912448520422, 2.625643616787806, 236.86337935793807]
6 )  w-150_d-1_e-90_lr-5e-07_b-32_ds-250hz-clean_p-True 	 [267.11177399709266, 158.4285890579866, 39.66913140473533, 13.165230773569673, 850.5828996728465]
7 )  w-300_d-3_e-39_lr-5e-07_b-32_ds-250hz-clean_p-True 	 [193.21043176166677, 160.88258451783304, 49.42036190824702, 3.7249325932815434, 1822.7414594199495]
8 )  w-200_d-2_e-66_lr-5e-07_b-32_ds-250hz-clean_p-True 	 [115.40766159447558, 161.29861256434242, 13.315296063368235, 4.732095147705057, 846.1456247865034]
9 )  w-300_d-1_e-48_lr-5e-07_b-32_ds-250hz-clean_p-True 	 [137.3334918500231, 161.70439790322695, 6.581300441740801, 5.074183992101232, 628.7260579220825]
10 )  w-200_d-3_e-66_lr-5e-07_b-32_ds-250hz-clean_p-True 	 [128.47252836057564, 170.55942872622617, 18.332973614580276, 5.517523086997065, 2258.5606238993864]
11 )  w-150_d-1_e-87_lr-5e-07_b-32_ds-250hz-clean_p-True 	 [305.02468269745964, 171.4317503320245, 46.13871145936449, 16.134157080831724, 938.0037975567619]
12 )  w-100_d-1_e-156_lr-5e-07_b-32_ds-250hz-clean_p-True 	 [110.31212725925498, 173.25428299693482, 20.391123327521026, 3.3985257488348277, 466.8194399904894]
13 )  w-200_d-1_e-69_lr-5e-07_b-32_ds-250hz-clean_p-True 	 [170.98640721221122, 177.07015521106757, 37.1505683937336, 3.1750867153804996, 309.3700863535267]
14 )  w-250_d-2_e-48_lr-5e-07_b-32_ds-250hz-clean_p-True 	 [321.86843821637194, 177.11417325022683, 17.089012733924942, 4.548602984575281, 1262.286682234704]
15 )  w-100_d-1_e-153_lr-5e-07_b-32_ds-250hz-clean_p-True 	 [118.14901829715082, 181.77033658687841, 23.28336377856949, 3.7754420675672407, 510.12619971331407]
16 )  w-150_d-3_e-87_lr-5e-07_b-32_ds-250hz-clean_p-True 	 [502.04013115250996, 183.0040590371783, 31.64900423922417, 6.3715014366560965, 1924.109648290088]
17 )  w-200_d-2_e-63_lr-5e-07_b-32_ds-250hz-clean_p-True 	 [140.34588114456727, 186.88724997471948, 19.081673682561295, 7.108443623180131, 980.5944098801185]
18 )  w-300_d-1_e-45_lr-5e-07_b-32_ds-250hz-clean_p-True 	 [171.26303136082177, 187.34156422760586, 10.381646015569398, 7.571898854850279, 795.4811937705465]
19 )  w-150_d-1_e-84_lr-5e-07_b-32_ds-250hz-clean_p-True 	 [349.3329041835723, 187.63363299464524, 53.202290369798256, 19.55926814030704, 1028.6434341500246]
20 )  w-100_d-1_e-150_lr-5e-07_b-32_ds-250hz-clean_p-True 	 [127.34371279332207, 191.42040605639085, 26.563712311062147, 4.2533240644169, 555.6488130047525]
21 )  w-200_d-3_e-63_lr-5e-07_b-32_ds-250hz-clean_p-True 	 [155.20548748951245, 193.93033118473895, 27.256100376511537, 8.116842563208266, 2302.387593962396]
22 )  w-300_d-2_e-39_lr-5e-07_b-32_ds-250hz-clean_p-True 	 [151.00777110344882, 196.09576111643548, 16.985761618600637, 3.438459683476286, 1031.6219311579744]
23 )  w-200_d-1_e-66_lr-5e-07_b-32_ds-250hz-clean_p-True 	 [202.18525442739298, 201.8756742070685, 46.01981945442271, 4.045039362550169, 396.5501537853821]
24 )  w-100_d-1_e-147_lr-5e-07_b-32_ds-250hz-clean_p-True 	 [138.01455906800263, 202.17482843243954, 30.21114773051742, 4.841695494353526, 603.1769096702847]
25 )  w-150_d-1_e-81_lr-5e-07_b-32_ds-250hz-clean_p-True 	 [400.00458493400674, 207.71689635691035, 60.815562581512594, 23.41387830538958, 1121.2379310222989]
26 )  w-250_d-1_e-48_lr-5e-07_b-32_ds-250hz-clean_p-True 	 [233.16442311482345, 209.47459662259328, 39.52704139194934, 15.7090044862052, 857.8408596388664]

------------------------- Accel Z -------------------------
1 )  w-300_d-1_e-48_lr-5e-07_b-32_ds-250hz-clean_p-True 	 [137.3334918500231, 161.70439790322695, 6.581300441740801, 5.074183992101232, 628.7260579220825]
2 )  w-250_d-2_e-51_lr-5e-07_b-32_ds-250hz-clean_p-True 	 [235.2067199183255, 153.9197738175439, 9.202712491806244, 2.4561993555894808, 1080.7733072658798]
3 )  w-300_d-1_e-45_lr-5e-07_b-32_ds-250hz-clean_p-True 	 [171.26303136082177, 187.34156422760586, 10.381646015569398, 7.571898854850279, 795.4811937705465]
4 )  w-200_d-2_e-66_lr-5e-07_b-32_ds-250hz-clean_p-True 	 [115.40766159447558, 161.29861256434242, 13.315296063368235, 4.732095147705057, 846.1456247865034]
5 )  w-300_d-2_e-39_lr-5e-07_b-32_ds-250hz-clean_p-True 	 [151.00777110344882, 196.09576111643548, 16.985761618600637, 3.438459683476286, 1031.6219311579744]
6 )  w-250_d-2_e-48_lr-5e-07_b-32_ds-250hz-clean_p-True 	 [321.86843821637194, 177.11417325022683, 17.089012733924942, 4.548602984575281, 1262.286682234704]
7 )  w-300_d-1_e-42_lr-5e-07_b-32_ds-250hz-clean_p-True 	 [218.7739833532424, 225.403080095117, 17.653784604602496, 11.36451300079269, 982.2049962427241]
8 )  w-100_d-2_e-141_lr-5e-07_b-32_ds-250hz-clean_p-True 	 [175.13579910625904, 225.5015284719299, 17.76256979549169, 6.61347771167348, 878.8260556280773]
9 )  w-200_d-3_e-66_lr-5e-07_b-32_ds-250hz-clean_p-True 	 [128.47252836057564, 170.55942872622617, 18.332973614580276, 5.517523086997065, 2258.5606238993864]
10 )  w-50_d-1_e-315_lr-5e-07_b-32_ds-250hz-clean_p-True 	 [364.3160900369878, 271.9439421048599, 18.954148972746367, 11.114174279239634, 1301.291199393754]
11 )  w-200_d-2_e-63_lr-5e-07_b-32_ds-250hz-clean_p-True 	 [140.34588114456727, 186.88724997471948, 19.081673682561295, 7.108443623180131, 980.5944098801185]
12 )  w-50_d-1_e-312_lr-5e-07_b-32_ds-250hz-clean_p-True 	 [377.07284577618924, 279.48757964526965, 20.238651899608953, 11.525942370376285, 1331.7180822105934]
13 )  w-100_d-1_e-156_lr-5e-07_b-32_ds-250hz-clean_p-True 	 [110.31212725925498, 173.25428299693482, 20.391123327521026, 3.3985257488348277, 466.8194399904894]
14 )  w-100_d-2_e-138_lr-5e-07_b-32_ds-250hz-clean_p-True 	 [194.30257349486345, 237.6173559535079, 21.19827601392136, 7.545372002657348, 947.113444027355]
15 )  w-50_d-1_e-309_lr-5e-07_b-32_ds-250hz-clean_p-True 	 [390.1122546893149, 287.35244446748993, 21.640257541891238, 11.96100176153366, 1362.1071328805845]
16 )  w-50_d-1_e-306_lr-5e-07_b-32_ds-250hz-clean_p-True 	 [403.6029537888377, 295.64816436452196, 23.15912699087925, 12.42226724340423, 1392.9011670371692]
17 )  w-100_d-1_e-153_lr-5e-07_b-32_ds-250hz-clean_p-True 	 [118.14901829715082, 181.77033658687841, 23.28336377856949, 3.7754420675672407, 510.12619971331407]
18 )  w-150_d-1_e-99_lr-5e-07_b-32_ds-250hz-clean_p-True 	 [184.95604472213984, 132.69270188426694, 24.200036965057365, 7.00147580540231, 612.3088914543081]
19 )  w-150_d-4_e-93_lr-5e-07_b-32_ds-250hz-clean_p-True 	 [96.72399873553282, 810.4683707867263, 24.508594483868237, 15.481796407541893, 2354.486053583316]
20 )  w-50_d-1_e-303_lr-5e-07_b-32_ds-250hz-clean_p-True 	 [417.3349999532237, 304.3004083472122, 24.780400357444563, 12.909937015459683, 1423.6588467671738]
21 )  w-200_d-4_e-69_lr-5e-07_b-32_ds-250hz-clean_p-True 	 [343.1090337642049, 506.51966549235993, 25.29913671469372, 9.746720976427474, 1603.352022994658]
22 )  w-100_d-2_e-135_lr-5e-07_b-32_ds-250hz-clean_p-True 	 [216.05310045494943, 251.29305779225007, 25.39582072062758, 8.7278048352366, 1018.4721834679701]
23 )  w-50_d-1_e-300_lr-5e-07_b-32_ds-250hz-clean_p-True 	 [431.5682984715105, 313.3373107470381, 26.504003877999608, 13.4269857194727, 1454.8149735929526]
24 )  w-100_d-1_e-150_lr-5e-07_b-32_ds-250hz-clean_p-True 	 [127.34371279332207, 191.42040605639085, 26.563712311062147, 4.2533240644169, 555.6488130047525]
25 )  w-200_d-3_e-63_lr-5e-07_b-32_ds-250hz-clean_p-True 	 [155.20548748951245, 193.93033118473895, 27.256100376511537, 8.116842563208266, 2302.387593962396]
26 )  w-200_d-2_e-60_lr-5e-07_b-32_ds-250hz-clean_p-True 	 [176.93768480625073, 222.88702526043832, 27.79555826329295, 10.86144886156026, 1118.4304986244044]

------------------------- Pitch -------------------------
1 )  w-250_d-2_e-51_lr-5e-07_b-32_ds-250hz-clean_p-True 	 [235.2067199183255, 153.9197738175439, 9.202712491806244, 2.4561993555894808, 1080.7733072658798]
2 )  w-200_d-1_e-72_lr-5e-07_b-32_ds-250hz-clean_p-True 	 [146.51668481490483, 157.95987608207778, 29.510912448520422, 2.625643616787806, 236.86337935793807]
3 )  w-250_d-3_e-42_lr-5e-07_b-32_ds-250hz-clean_p-True 	 [713.5036681994794, 265.49991769343984, 51.90392457789394, 3.008727497746856, 2093.7112545200384]
4 )  w-200_d-1_e-69_lr-5e-07_b-32_ds-250hz-clean_p-True 	 [170.98640721221122, 177.07015521106757, 37.1505683937336, 3.1750867153804996, 309.3700863535267]
5 )  w-100_d-3_e-120_lr-5e-07_b-32_ds-250hz-clean_p-True 	 [1426.8000193159346, 639.6362241029121, 116.91503045956951, 3.2098518398790223, 1717.9543478855103]
6 )  w-100_d-1_e-156_lr-5e-07_b-32_ds-250hz-clean_p-True 	 [110.31212725925498, 173.25428299693482, 20.391123327521026, 3.3985257488348277, 466.8194399904894]
7 )  w-300_d-2_e-39_lr-5e-07_b-32_ds-250hz-clean_p-True 	 [151.00777110344882, 196.09576111643548, 16.985761618600637, 3.438459683476286, 1031.6219311579744]
8 )  w-250_d-4_e-48_lr-5e-07_b-32_ds-250hz-clean_p-True 	 [844.4996947257612, 344.66496269519666, 168.2946225235387, 3.6204035513085664, 2322.1083081264746]
9 )  w-300_d-3_e-39_lr-5e-07_b-32_ds-250hz-clean_p-True 	 [193.21043176166677, 160.88258451783304, 49.42036190824702, 3.7249325932815434, 1822.7414594199495]
10 )  w-100_d-1_e-153_lr-5e-07_b-32_ds-250hz-clean_p-True 	 [118.14901829715082, 181.77033658687841, 23.28336377856949, 3.7754420675672407, 510.12619971331407]
11 )  w-100_d-3_e-117_lr-5e-07_b-32_ds-250hz-clean_p-True 	 [1477.1818792764304, 685.1413255840292, 124.12966732991768, 3.796239134590766, 1784.2531134746814]
12 )  w-200_d-1_e-66_lr-5e-07_b-32_ds-250hz-clean_p-True 	 [202.18525442739298, 201.8756742070685, 46.01981945442271, 4.045039362550169, 396.5501537853821]
13 )  w-100_d-1_e-150_lr-5e-07_b-32_ds-250hz-clean_p-True 	 [127.34371279332207, 191.42040605639085, 26.563712311062147, 4.2533240644169, 555.6488130047525]
14 )  w-300_d-4_e-42_lr-5e-07_b-32_ds-250hz-clean_p-True 	 [211.0274928368017, 666.193421555536, 34.17951202157362, 4.391794635658183, 1953.0514999886466]
15 )  w-250_d-2_e-48_lr-5e-07_b-32_ds-250hz-clean_p-True 	 [321.86843821637194, 177.11417325022683, 17.089012733924942, 4.548602984575281, 1262.286682234704]
16 )  w-100_d-3_e-114_lr-5e-07_b-32_ds-250hz-clean_p-True 	 [1528.2761943802625, 732.1929005012329, 131.25371939460757, 4.708410043751286, 1849.8120071797973]
17 )  w-200_d-2_e-66_lr-5e-07_b-32_ds-250hz-clean_p-True 	 [115.40766159447558, 161.29861256434242, 13.315296063368235, 4.732095147705057, 846.1456247865034]
18 )  w-100_d-1_e-147_lr-5e-07_b-32_ds-250hz-clean_p-True 	 [138.01455906800263, 202.17482843243954, 30.21114773051742, 4.841695494353526, 603.1769096702847]
19 )  w-150_d-2_e-75_lr-5e-07_b-32_ds-250hz-clean_p-True 	 [375.9022886755111, 231.58245000366284, 41.849451240407575, 5.069995820699197, 1396.5700183631604]
20 )  w-300_d-1_e-48_lr-5e-07_b-32_ds-250hz-clean_p-True 	 [137.3334918500231, 161.70439790322695, 6.581300441740801, 5.074183992101232, 628.7260579220825]
21 )  w-200_d-1_e-63_lr-5e-07_b-32_ds-250hz-clean_p-True 	 [241.15913273753276, 233.35212911752754, 56.029954828829496, 5.4098442237310085, 498.11719357472265]
22 )  w-50_d-1_e-342_lr-5e-07_b-32_ds-250hz-clean_p-True 	 [167.0102522038042, 214.06303912970768, 38.086157027334664, 5.434634926012255, 878.9405512022647]
23 )  w-200_d-3_e-66_lr-5e-07_b-32_ds-250hz-clean_p-True 	 [128.47252836057564, 170.55942872622617, 18.332973614580276, 5.517523086997065, 2258.5606238993864]
24 )  w-100_d-1_e-144_lr-5e-07_b-32_ds-250hz-clean_p-True 	 [150.09808339427067, 214.1036034843797, 34.26834455261111, 5.565233677658933, 652.9890347143686]
25 )  w-50_d-1_e-339_lr-5e-07_b-32_ds-250hz-clean_p-True 	 [171.06293340208006, 217.8413816614185, 39.03891702862201, 5.584348740988448, 897.333005536833]
26 )  w-50_d-1_e-336_lr-5e-07_b-32_ds-250hz-clean_p-True 	 [175.29805074205564, 221.83352089035512, 40.05018784031363, 5.741084128345976, 915.6073642867349]

------------------------- Roll -------------------------
1 )  w-200_d-1_e-72_lr-5e-07_b-32_ds-250hz-clean_p-True 	 [146.51668481490483, 157.95987608207778, 29.510912448520422, 2.625643616787806, 236.86337935793807]
2 )  w-200_d-1_e-69_lr-5e-07_b-32_ds-250hz-clean_p-True 	 [170.98640721221122, 177.07015521106757, 37.1505683937336, 3.1750867153804996, 309.3700863535267]
3 )  w-200_d-1_e-66_lr-5e-07_b-32_ds-250hz-clean_p-True 	 [202.18525442739298, 201.8756742070685, 46.01981945442271, 4.045039362550169, 396.5501537853821]
4 )  w-100_d-1_e-156_lr-5e-07_b-32_ds-250hz-clean_p-True 	 [110.31212725925498, 173.25428299693482, 20.391123327521026, 3.3985257488348277, 466.8194399904894]
5 )  w-200_d-1_e-63_lr-5e-07_b-32_ds-250hz-clean_p-True 	 [241.15913273753276, 233.35212911752754, 56.029954828829496, 5.4098442237310085, 498.11719357472265]
6 )  w-100_d-1_e-153_lr-5e-07_b-32_ds-250hz-clean_p-True 	 [118.14901829715082, 181.77033658687841, 23.28336377856949, 3.7754420675672407, 510.12619971331407]
7 )  w-100_d-1_e-150_lr-5e-07_b-32_ds-250hz-clean_p-True 	 [127.34371279332207, 191.42040605639085, 26.563712311062147, 4.2533240644169, 555.6488130047525]
8 )  w-100_d-1_e-147_lr-5e-07_b-32_ds-250hz-clean_p-True 	 [138.01455906800263, 202.17482843243954, 30.21114773051742, 4.841695494353526, 603.1769096702847]
9 )  w-200_d-1_e-60_lr-5e-07_b-32_ds-250hz-clean_p-True 	 [289.5800208570312, 272.7687023016791, 67.03892595406586, 7.437136889555606, 610.0068968382524]
10 )  w-150_d-1_e-99_lr-5e-07_b-32_ds-250hz-clean_p-True 	 [184.95604472213984, 132.69270188426694, 24.200036965057365, 7.00147580540231, 612.3088914543081]
11 )  w-300_d-1_e-48_lr-5e-07_b-32_ds-250hz-clean_p-True 	 [137.3334918500231, 161.70439790322695, 6.581300441740801, 5.074183992101232, 628.7260579220825]
12 )  w-100_d-1_e-144_lr-5e-07_b-32_ds-250hz-clean_p-True 	 [150.09808339427067, 214.1036034843797, 34.26834455261111, 5.565233677658933, 652.9890347143686]
13 )  w-150_d-1_e-96_lr-5e-07_b-32_ds-250hz-clean_p-True 	 [207.59167838352914, 139.55752563202591, 28.693062964621983, 8.624855053713645, 687.2213988908047]
14 )  w-100_d-1_e-141_lr-5e-07_b-32_ds-250hz-clean_p-True 	 [163.8773120995974, 227.29365342591456, 38.69868262010337, 6.421450238716178, 704.7799716699245]
15 )  w-200_d-1_e-57_lr-5e-07_b-32_ds-250hz-clean_p-True 	 [348.0000525134831, 320.8426397728711, 78.87441397635138, 10.320084464506353, 732.885533752943]
16 )  w-100_d-1_e-138_lr-5e-07_b-32_ds-250hz-clean_p-True 	 [179.78448546367383, 241.94369271029768, 43.49424836302484, 7.434887064280654, 758.6331623732374]
17 )  w-150_d-1_e-93_lr-5e-07_b-32_ds-250hz-clean_p-True 	 [234.85826114612513, 148.0154563167778, 33.866928137898995, 10.68156985680907, 767.2883289215109]
18 )  w-300_d-1_e-45_lr-5e-07_b-32_ds-250hz-clean_p-True 	 [171.26303136082177, 187.34156422760586, 10.381646015569398, 7.571898854850279, 795.4811937705465]
19 )  w-100_d-1_e-135_lr-5e-07_b-32_ds-250hz-clean_p-True 	 [198.0110018790407, 258.14058637903526, 48.68884954283998, 8.623175058605522, 814.5539157048374]
20 )  w-200_d-2_e-66_lr-5e-07_b-32_ds-250hz-clean_p-True 	 [115.40766159447558, 161.29861256434242, 13.315296063368235, 4.732095147705057, 846.1456247865034]
21 )  w-150_d-1_e-90_lr-5e-07_b-32_ds-250hz-clean_p-True 	 [267.11177399709266, 158.4285890579866, 39.66913140473533, 13.165230773569673, 850.5828996728465]
22 )  w-250_d-1_e-48_lr-5e-07_b-32_ds-250hz-clean_p-True 	 [233.16442311482345, 209.47459662259328, 39.52704139194934, 15.7090044862052, 857.8408596388664]
23 )  w-200_d-1_e-54_lr-5e-07_b-32_ds-250hz-clean_p-True 	 [418.1301571807432, 378.789276094897, 91.38834687234444, 14.139876555344182, 865.0181470517232]
24 )  w-100_d-1_e-132_lr-5e-07_b-32_ds-250hz-clean_p-True 	 [218.43516665381773, 275.69705257252775, 54.20149824370611, 9.958798850961365, 872.141782691766]
25 )  w-100_d-2_e-141_lr-5e-07_b-32_ds-250hz-clean_p-True 	 [175.13579910625904, 225.5015284719299, 17.76256979549169, 6.61347771167348, 878.8260556280773]
26 )  w-50_d-1_e-342_lr-5e-07_b-32_ds-250hz-clean_p-True 	 [167.0102522038042, 214.06303912970768, 38.086157027334664, 5.434634926012255, 878.9405512022647]

------------------------- Overall -------------------------
1 )  w-150_d-4_e-93_lr-5e-07_b-32_ds-250hz-clean_p-True 	 [96.72399873553282, 810.4683707867263, 24.508594483868237, 15.481796407541893, 2354.486053583316]
2 )  w-100_d-1_e-156_lr-5e-07_b-32_ds-250hz-clean_p-True 	 [110.31212725925498, 173.25428299693482, 20.391123327521026, 3.3985257488348277, 466.8194399904894]
3 )  w-150_d-4_e-90_lr-5e-07_b-32_ds-250hz-clean_p-True 	 [112.7864405064791, 903.8523675042551, 32.87562897223577, 20.364669781797044, 2367.2838412016217]
4 )  w-50_d-2_e-291_lr-5e-07_b-32_ds-250hz-clean_p-True 	 [114.78231799668238, 414.0858154018628, 128.55581982333047, 6.730805123598459, 1291.575936958657]
5 )  w-200_d-2_e-66_lr-5e-07_b-32_ds-250hz-clean_p-True 	 [115.40766159447558, 161.29861256434242, 13.315296063368235, 4.732095147705057, 846.1456247865034]
6 )  w-100_d-1_e-153_lr-5e-07_b-32_ds-250hz-clean_p-True 	 [118.14901829715082, 181.77033658687841, 23.28336377856949, 3.7754420675672407, 510.12619971331407]
7 )  w-50_d-2_e-288_lr-5e-07_b-32_ds-250hz-clean_p-True 	 [118.62636273014881, 429.5699547865884, 131.9146135014251, 6.988297143877144, 1320.81976143111]
8 )  w-50_d-2_e-285_lr-5e-07_b-32_ds-250hz-clean_p-True 	 [122.83019254979634, 446.10525406960454, 135.29785057924286, 7.268549385095392, 1350.1681601191672]
9 )  w-50_d-2_e-282_lr-5e-07_b-32_ds-250hz-clean_p-True 	 [127.31444709070223, 463.20421452621434, 138.6289925284962, 7.57243874030484, 1379.400277149313]
10 )  w-100_d-1_e-150_lr-5e-07_b-32_ds-250hz-clean_p-True 	 [127.34371279332207, 191.42040605639085, 26.563712311062147, 4.2533240644169, 555.6488130047525]
11 )  w-200_d-3_e-66_lr-5e-07_b-32_ds-250hz-clean_p-True 	 [128.47252836057564, 170.55942872622617, 18.332973614580276, 5.517523086997065, 2258.5606238993864]
12 )  w-50_d-2_e-279_lr-5e-07_b-32_ds-250hz-clean_p-True 	 [132.28945482698938, 481.2348552389252, 141.9529249351737, 7.908316922875521, 1409.121559193612]
13 )  w-150_d-4_e-87_lr-5e-07_b-32_ds-250hz-clean_p-True 	 [136.25030578044075, 987.4104577466373, 43.200530118152166, 26.463972142945998, 2389.0199153272233]
14 )  w-300_d-1_e-48_lr-5e-07_b-32_ds-250hz-clean_p-True 	 [137.3334918500231, 161.70439790322695, 6.581300441740801, 5.074183992101232, 628.7260579220825]
15 )  w-50_d-2_e-276_lr-5e-07_b-32_ds-250hz-clean_p-True 	 [137.7955012159233, 500.18299654568744, 145.2995903138062, 8.275707785989717, 1438.487232416349]
16 )  w-100_d-1_e-147_lr-5e-07_b-32_ds-250hz-clean_p-True 	 [138.01455906800263, 202.17482843243954, 30.21114773051742, 4.841695494353526, 603.1769096702847]
17 )  w-200_d-2_e-63_lr-5e-07_b-32_ds-250hz-clean_p-True 	 [140.34588114456727, 186.88724997471948, 19.081673682561295, 7.108443623180131, 980.5944098801185]
18 )  w-50_d-2_e-273_lr-5e-07_b-32_ds-250hz-clean_p-True 	 [143.85639141236626, 519.9148139052771, 148.67683319836365, 8.68958183159177, 1468.9166490697098]
19 )  w-200_d-1_e-72_lr-5e-07_b-32_ds-250hz-clean_p-True 	 [146.51668481490483, 157.95987608207778, 29.510912448520422, 2.625643616787806, 236.86337935793807]
20 )  w-100_d-1_e-144_lr-5e-07_b-32_ds-250hz-clean_p-True 	 [150.09808339427067, 214.1036034843797, 34.26834455261111, 5.565233677658933, 652.9890347143686]
21 )  w-50_d-2_e-270_lr-5e-07_b-32_ds-250hz-clean_p-True 	 [150.6533331025537, 540.5594892028158, 152.06188699361218, 9.152560769914755, 1499.104426987715]
22 )  w-300_d-2_e-39_lr-5e-07_b-32_ds-250hz-clean_p-True 	 [151.00777110344882, 196.09576111643548, 16.985761618600637, 3.438459683476286, 1031.6219311579744]
23 )  w-200_d-3_e-63_lr-5e-07_b-32_ds-250hz-clean_p-True 	 [155.20548748951245, 193.93033118473895, 27.256100376511537, 8.116842563208266, 2302.387593962396]
24 )  w-50_d-2_e-267_lr-5e-07_b-32_ds-250hz-clean_p-True 	 [158.2504818506531, 562.0947365785805, 155.4691392926594, 9.666436441054449, 1529.7037432479065]
25 )  w-100_d-1_e-141_lr-5e-07_b-32_ds-250hz-clean_p-True 	 [163.8773120995974, 227.29365342591456, 38.69868262010337, 6.421450238716178, 704.7799716699245]
26 )  w-50_d-2_e-264_lr-5e-07_b-32_ds-250hz-clean_p-True 	 [166.62612289238655, 584.0679055683404, 158.82521707578604, 10.243373374748302, 1560.6595422818352]
